Namespace(celoss=False, fix=-1, memory=3)
[1.0000000000000007, 1.0000000000000007, 1.0000000000000007, 1.0000000000000007, 1.0000000000000007, 1.0000000000000007, 1.0000000000000007, 1.0000000000000007, 1.0000000000000007, 1.0000000000000007, 1.0000000000000007, 1.0000000000000007, 1.0000000000000007, 1.0000000000000007, 1.0000000000000007, 1.0000000000000007, 1.0000000000000007, 1.0000000000000007, 1.0000000000000007]
Namespace(celoss=False, fix=-1, memory=5)
[1.0000000000000007, 1.0000000000000007, 1.0000000000000007, 1.0000000000000007, 1.0000000000000007, 1.0000000000000007, 1.0000000000000007, 1.0000000000000007, 1.0000000000000007, 1.0000000000000007, 1.0000000000000007, 1.0000000000000007, 1.0000000000000007, 1.0000000000000007, 1.0000000000000007, 1.0000000000000007, 1.0000000000000007, 1.0000000000000007, 1.0000000000000007]
Namespace(celoss=False, fix=-1, memory=10)
[1.0000000000000007, 1.0000000000000007, 1.0000000000000007, 1.0000000000000007, 1.0000000000000007, 1.0000000000000007, 1.0000000000000007, 1.0000000000000007, 1.0000000000000007, 1.0000000000000007, 1.0000000000000007, 1.0000000000000007, 1.0000000000000007, 1.0000000000000007, 1.0000000000000007, 1.0000000000000007, 1.0000000000000007, 1.0000000000000007, 1.0000000000000007]
Namespace(celoss=False, fix=3, memory=5)
[1.0000000000000007, 1.0000000000000007, 1.0000000000000007, 1.0000000000000007, 1.0000000000000007, 0.9998597780856607, 0.9997331875832544, 0.9996691510723075, 0.9994140439953818, 0.9990158113945377, 0.9983871486913763, 0.9983245744298678, 0.9982280773084672, 0.9980438866431143, 0.9977313155626506, 0.997147084169337, 0.9971251114043849, 0.9968410856541517, 0.9967074781320601]
Namespace(celoss=False, fix=5, memory=5)
[1.0000000000000007, 1.0000000000000007, 1.0000000000000007, 1.0000000000000007, 1.0000000000000007, 1.0000000000000007, 1.0000000000000007, 0.9998210654691115, 0.9998250151773187, 0.9996350847943212, 0.9995507811971055, 0.9995769136914773, 0.9995207981504769, 0.9993953634037188, 0.9992337993294977, 0.999167914965424, 0.9990995540688722, 0.9990065793086819, 0.9989973200380883]
Namespace(celoss=False, fix=10, memory=5)
[1.0000000000000007, 1.0000000000000007, 1.0000000000000007, 1.0000000000000007, 1.0000000000000007, 1.0000000000000007, 1.0000000000000007, 1.0000000000000007, 1.0000000000000007, 1.0000000000000007, 1.0000000000000007, 1.0000000000000007, 1.0000000000000007, 1.0000000000000007, 1.0000000000000007, 1.0000000000000007, 1.0000000000000007, 1.0000000000000007, 1.0000000000000007]
Namespace(celoss=True, fix=-1, memory=5)
[1.0000000000000007, 1.0000000000000007, 1.0000000000000007, 1.0000000000000007, 1.0000000000000007, 1.0000000000000007, 1.0000000000000007, 1.0000000000000007, 1.0000000000000007, 1.0000000000000007, 1.0000000000000007, 1.0000000000000007, 1.0000000000000007, 1.0000000000000007, 1.0000000000000007, 1.0000000000000007, 1.0000000000000007, 1.0000000000000007, 1.0000000000000007]
