Namespace(celoss=False, fix=-1, memory=3)Input Sequence[[[0. 0.]
  [1. 0.]
  [1. 0.]
  [0. 0.]
  [0. 0.]
  [1. 0.]
  [1. 0.]
  [1. 0.]
  [1. 1.]
  [1. 0.]
  [1. 1.]
  [1. 1.]
  [1. 1.]
  [1. 1.]
  [0. 1.]
  [1. 0.]
  [1. 1.]
  [1. 1.]
  [1. 1.]
  [0. 0.]
  [1. 1.]
  [0. 0.]]]
Prediction bitwise: [[[0.]
  [1.]
  [1.]
  [0.]
  [0.]
  [1.]
  [1.]
  [1.]
  [0.]
  [0.]
  [1.]
  [1.]
  [1.]
  [1.]
  [0.]
  [0.]
  [1.]
  [1.]
  [1.]
  [1.]
  [0.]
  [1.]]],
                    Actual bitwise: [[[0.]
  [1.]
  [1.]
  [0.]
  [0.]
  [1.]
  [1.]
  [1.]
  [0.]
  [0.]
  [1.]
  [1.]
  [1.]
  [1.]
  [0.]
  [0.]
  [1.]
  [1.]
  [1.]
  [1.]
  [0.]
  [1.]]]
Namespace(celoss=False, fix=-1, memory=3)Input Sequence[[[1. 1.]
  [1. 1.]
  [0. 1.]
  [0. 1.]
  [1. 0.]
  [0. 1.]
  [1. 1.]
  [0. 1.]
  [1. 0.]
  [0. 1.]
  [0. 0.]
  [1. 1.]
  [1. 1.]
  [0. 1.]
  [1. 0.]
  [0. 0.]
  [0. 0.]
  [1. 1.]
  [0. 0.]
  [1. 1.]
  [1. 1.]
  [0. 0.]]]
Prediction bitwise: [[[0.]
  [1.]
  [0.]
  [0.]
  [0.]
  [0.]
  [1.]
  [0.]
  [0.]
  [0.]
  [1.]
  [0.]
  [1.]
  [0.]
  [0.]
  [1.]
  [0.]
  [0.]
  [1.]
  [0.]
  [1.]
  [1.]]],
                    Actual bitwise: [[[0.]
  [1.]
  [0.]
  [0.]
  [0.]
  [0.]
  [1.]
  [0.]
  [0.]
  [0.]
  [1.]
  [0.]
  [1.]
  [0.]
  [0.]
  [1.]
  [0.]
  [0.]
  [1.]
  [0.]
  [1.]
  [1.]]]
Namespace(celoss=False, fix=-1, memory=5)Input Sequence[[[1. 1.]
  [0. 1.]
  [1. 1.]
  [1. 0.]
  [1. 1.]
  [1. 1.]
  [1. 0.]
  [0. 1.]
  [0. 1.]
  [1. 0.]
  [1. 0.]
  [1. 1.]
  [1. 0.]
  [1. 1.]
  [0. 0.]
  [0. 0.]
  [0. 0.]
  [0. 0.]
  [0. 0.]
  [1. 0.]
  [1. 1.]
  [0. 0.]]]
Prediction bitwise: [[[0.]
  [0.]
  [1.]
  [0.]
  [1.]
  [1.]
  [0.]
  [0.]
  [0.]
  [0.]
  [0.]
  [1.]
  [0.]
  [1.]
  [1.]
  [0.]
  [0.]
  [0.]
  [0.]
  [1.]
  [0.]
  [1.]]],
                    Actual bitwise: [[[0.]
  [0.]
  [1.]
  [0.]
  [1.]
  [1.]
  [0.]
  [0.]
  [0.]
  [0.]
  [0.]
  [1.]
  [0.]
  [1.]
  [1.]
  [0.]
  [0.]
  [0.]
  [0.]
  [1.]
  [0.]
  [1.]]]
Namespace(celoss=False, fix=-1, memory=5)Input Sequence[[[0. 1.]
  [0. 1.]
  [0. 0.]
  [0. 0.]
  [1. 0.]
  [0. 0.]
  [1. 0.]
  [0. 0.]
  [0. 0.]
  [0. 0.]
  [0. 1.]
  [0. 0.]
  [1. 1.]
  [0. 1.]
  [1. 1.]
  [1. 0.]
  [0. 1.]
  [0. 0.]
  [0. 1.]
  [0. 1.]
  [1. 1.]
  [0. 0.]]]
Prediction bitwise: [[[1.]
  [1.]
  [0.]
  [0.]
  [1.]
  [0.]
  [1.]
  [0.]
  [0.]
  [0.]
  [1.]
  [0.]
  [0.]
  [0.]
  [1.]
  [0.]
  [0.]
  [1.]
  [1.]
  [1.]
  [0.]
  [1.]]],
                    Actual bitwise: [[[1.]
  [1.]
  [0.]
  [0.]
  [1.]
  [0.]
  [1.]
  [0.]
  [0.]
  [0.]
  [1.]
  [0.]
  [0.]
  [0.]
  [1.]
  [0.]
  [0.]
  [1.]
  [1.]
  [1.]
  [0.]
  [1.]]]
Namespace(celoss=False, fix=-1, memory=10)Input Sequence[[[0. 0.]
  [0. 0.]
  [0. 0.]
  [1. 1.]
  [0. 1.]
  [1. 0.]
  [1. 0.]
  [1. 0.]
  [1. 0.]
  [0. 1.]
  [1. 1.]
  [0. 0.]
  [0. 1.]
  [0. 0.]
  [0. 1.]
  [1. 1.]
  [0. 0.]
  [1. 1.]
  [1. 0.]
  [1. 0.]
  [1. 1.]
  [0. 0.]]]
Prediction bitwise: [[[0.]
  [0.]
  [0.]
  [0.]
  [0.]
  [0.]
  [0.]
  [0.]
  [0.]
  [0.]
  [1.]
  [1.]
  [1.]
  [0.]
  [1.]
  [0.]
  [1.]
  [0.]
  [0.]
  [0.]
  [1.]
  [1.]]],
                    Actual bitwise: [[[0.]
  [0.]
  [0.]
  [0.]
  [0.]
  [0.]
  [0.]
  [0.]
  [0.]
  [0.]
  [1.]
  [1.]
  [1.]
  [0.]
  [1.]
  [0.]
  [1.]
  [0.]
  [0.]
  [0.]
  [1.]
  [1.]]]
Namespace(celoss=False, fix=-1, memory=10)Input Sequence[[[0. 0.]
  [0. 0.]
  [1. 0.]
  [0. 1.]
  [0. 1.]
  [0. 1.]
  [0. 0.]
  [0. 1.]
  [1. 1.]
  [1. 1.]
  [1. 1.]
  [1. 1.]
  [0. 1.]
  [1. 1.]
  [0. 1.]
  [1. 0.]
  [1. 1.]
  [1. 0.]
  [0. 1.]
  [0. 1.]
  [1. 1.]
  [0. 0.]]]
Prediction bitwise: [[[0.]
  [0.]
  [1.]
  [1.]
  [1.]
  [1.]
  [0.]
  [1.]
  [0.]
  [1.]
  [1.]
  [1.]
  [0.]
  [1.]
  [0.]
  [0.]
  [1.]
  [0.]
  [0.]
  [0.]
  [1.]
  [1.]]],
                    Actual bitwise: [[[0.]
  [0.]
  [1.]
  [1.]
  [1.]
  [1.]
  [0.]
  [1.]
  [0.]
  [1.]
  [1.]
  [1.]
  [0.]
  [1.]
  [0.]
  [0.]
  [1.]
  [0.]
  [0.]
  [0.]
  [1.]
  [1.]]]
Namespace(celoss=False, fix=3, memory=5)Input Sequence[[[1. 0.]
  [1. 0.]
  [0. 0.]
  [1. 0.]
  [1. 1.]
  [1. 0.]
  [0. 0.]
  [0. 1.]
  [1. 0.]
  [0. 1.]
  [1. 0.]
  [0. 1.]
  [0. 1.]
  [0. 0.]
  [1. 1.]
  [0. 1.]
  [1. 1.]
  [0. 1.]
  [1. 0.]
  [1. 1.]
  [1. 1.]
  [0. 0.]]]
Prediction bitwise: [[[1.]
  [1.]
  [0.]
  [1.]
  [0.]
  [0.]
  [1.]
  [1.]
  [1.]
  [1.]
  [1.]
  [1.]
  [1.]
  [0.]
  [0.]
  [0.]
  [1.]
  [0.]
  [0.]
  [1.]
  [1.]
  [1.]]],
                    Actual bitwise: [[[1.]
  [1.]
  [0.]
  [1.]
  [0.]
  [0.]
  [1.]
  [1.]
  [1.]
  [1.]
  [1.]
  [1.]
  [1.]
  [0.]
  [0.]
  [0.]
  [1.]
  [0.]
  [0.]
  [1.]
  [1.]
  [1.]]]
Namespace(celoss=False, fix=3, memory=5)Input Sequence[[[1. 0.]
  [1. 0.]
  [1. 0.]
  [0. 1.]
  [1. 0.]
  [1. 1.]
  [1. 0.]
  [0. 0.]
  [0. 0.]
  [1. 1.]
  [0. 1.]
  [1. 0.]
  [0. 1.]
  [1. 1.]
  [1. 1.]
  [0. 0.]
  [0. 1.]
  [1. 0.]
  [1. 0.]
  [1. 1.]
  [1. 1.]
  [0. 0.]]]
Prediction bitwise: [[[1.]
  [1.]
  [1.]
  [1.]
  [1.]
  [0.]
  [0.]
  [1.]
  [0.]
  [0.]
  [0.]
  [0.]
  [0.]
  [1.]
  [1.]
  [1.]
  [1.]
  [1.]
  [1.]
  [0.]
  [1.]
  [1.]]],
                    Actual bitwise: [[[1.]
  [1.]
  [1.]
  [1.]
  [1.]
  [0.]
  [0.]
  [1.]
  [0.]
  [0.]
  [0.]
  [0.]
  [0.]
  [1.]
  [1.]
  [1.]
  [1.]
  [1.]
  [1.]
  [0.]
  [1.]
  [1.]]]
Namespace(celoss=False, fix=5, memory=5)Input Sequence[[[1. 1.]
  [0. 1.]
  [1. 0.]
  [1. 1.]
  [0. 1.]
  [0. 0.]
  [1. 0.]
  [1. 1.]
  [0. 0.]
  [1. 1.]
  [1. 0.]
  [1. 1.]
  [1. 0.]
  [1. 0.]
  [1. 1.]
  [1. 1.]
  [0. 0.]
  [1. 0.]
  [0. 1.]
  [0. 0.]
  [1. 1.]
  [0. 0.]]]
Prediction bitwise: [[[0.]
  [0.]
  [0.]
  [1.]
  [0.]
  [1.]
  [1.]
  [0.]
  [1.]
  [0.]
  [0.]
  [1.]
  [0.]
  [0.]
  [1.]
  [1.]
  [1.]
  [1.]
  [1.]
  [0.]
  [0.]
  [1.]]],
                    Actual bitwise: [[[0.]
  [0.]
  [0.]
  [1.]
  [0.]
  [1.]
  [1.]
  [0.]
  [1.]
  [0.]
  [0.]
  [1.]
  [0.]
  [0.]
  [1.]
  [1.]
  [1.]
  [1.]
  [1.]
  [0.]
  [0.]
  [1.]]]
Namespace(celoss=False, fix=5, memory=5)Input Sequence[[[1. 1.]
  [1. 0.]
  [1. 1.]
  [1. 1.]
  [1. 0.]
  [1. 0.]
  [0. 0.]
  [1. 0.]
  [1. 0.]
  [1. 1.]
  [0. 0.]
  [1. 0.]
  [1. 0.]
  [1. 0.]
  [0. 1.]
  [0. 1.]
  [0. 0.]
  [0. 0.]
  [1. 0.]
  [1. 0.]
  [1. 1.]
  [0. 0.]]]
Prediction bitwise: [[[0.]
  [0.]
  [1.]
  [1.]
  [0.]
  [0.]
  [1.]
  [1.]
  [1.]
  [0.]
  [1.]
  [1.]
  [1.]
  [1.]
  [0.]
  [0.]
  [1.]
  [0.]
  [1.]
  [1.]
  [0.]
  [1.]]],
                    Actual bitwise: [[[0.]
  [0.]
  [1.]
  [1.]
  [0.]
  [0.]
  [1.]
  [1.]
  [1.]
  [0.]
  [1.]
  [1.]
  [1.]
  [1.]
  [1.]
  [1.]
  [0.]
  [0.]
  [1.]
  [1.]
  [0.]
  [1.]]]
Namespace(celoss=False, fix=10, memory=5)Input Sequence[[[1. 1.]
  [1. 0.]
  [1. 0.]
  [0. 0.]
  [1. 1.]
  [0. 0.]
  [1. 0.]
  [1. 1.]
  [0. 1.]
  [0. 0.]
  [0. 1.]
  [1. 0.]
  [1. 1.]
  [1. 0.]
  [1. 1.]
  [0. 1.]
  [0. 1.]
  [1. 1.]
  [0. 1.]
  [0. 1.]
  [1. 1.]
  [0. 0.]]]
Prediction bitwise: [[[0.]
  [0.]
  [0.]
  [1.]
  [0.]
  [1.]
  [1.]
  [0.]
  [0.]
  [1.]
  [1.]
  [1.]
  [0.]
  [0.]
  [1.]
  [0.]
  [0.]
  [1.]
  [0.]
  [0.]
  [1.]
  [1.]]],
                    Actual bitwise: [[[0.]
  [0.]
  [0.]
  [1.]
  [0.]
  [1.]
  [1.]
  [0.]
  [0.]
  [1.]
  [1.]
  [1.]
  [0.]
  [0.]
  [1.]
  [0.]
  [0.]
  [1.]
  [0.]
  [0.]
  [1.]
  [1.]]]
Namespace(celoss=False, fix=10, memory=5)Input Sequence[[[0. 0.]
  [0. 1.]
  [0. 1.]
  [0. 0.]
  [0. 1.]
  [1. 0.]
  [1. 0.]
  [0. 0.]
  [0. 0.]
  [1. 0.]
  [0. 0.]
  [1. 1.]
  [0. 1.]
  [1. 1.]
  [1. 0.]
  [0. 1.]
  [0. 1.]
  [0. 0.]
  [1. 0.]
  [1. 1.]
  [1. 1.]
  [0. 0.]]]
Prediction bitwise: [[[0.]
  [1.]
  [1.]
  [0.]
  [1.]
  [1.]
  [1.]
  [0.]
  [0.]
  [1.]
  [0.]
  [0.]
  [0.]
  [1.]
  [0.]
  [0.]
  [0.]
  [1.]
  [1.]
  [0.]
  [1.]
  [1.]]],
                    Actual bitwise: [[[0.]
  [1.]
  [1.]
  [0.]
  [1.]
  [1.]
  [1.]
  [0.]
  [0.]
  [1.]
  [0.]
  [0.]
  [0.]
  [1.]
  [0.]
  [0.]
  [0.]
  [1.]
  [1.]
  [0.]
  [1.]
  [1.]]]
Namespace(celoss=True, fix=-1, memory=5)Input Sequence[[[0. 0.]
  [1. 1.]
  [0. 0.]
  [0. 0.]
  [1. 1.]
  [0. 1.]
  [1. 1.]
  [1. 1.]
  [0. 0.]
  [0. 0.]
  [1. 0.]
  [0. 0.]
  [0. 0.]
  [1. 1.]
  [1. 1.]
  [1. 1.]
  [0. 0.]
  [0. 1.]
  [1. 0.]
  [0. 1.]
  [1. 1.]
  [0. 0.]]]
Prediction bitwise: [[[0.]
  [0.]
  [1.]
  [0.]
  [0.]
  [0.]
  [1.]
  [1.]
  [1.]
  [0.]
  [1.]
  [0.]
  [0.]
  [0.]
  [1.]
  [1.]
  [1.]
  [1.]
  [1.]
  [1.]
  [0.]
  [1.]]],
                    Actual bitwise: [[[0.]
  [0.]
  [1.]
  [0.]
  [0.]
  [0.]
  [1.]
  [1.]
  [1.]
  [0.]
  [1.]
  [0.]
  [0.]
  [0.]
  [1.]
  [1.]
  [1.]
  [1.]
  [1.]
  [1.]
  [0.]
  [1.]]]
Namespace(celoss=True, fix=-1, memory=5)Input Sequence[[[1. 1.]
  [0. 1.]
  [1. 1.]
  [1. 1.]
  [1. 1.]
  [1. 1.]
  [0. 0.]
  [0. 1.]
  [1. 0.]
  [0. 0.]
  [0. 0.]
  [0. 1.]
  [0. 0.]
  [1. 1.]
  [0. 1.]
  [1. 0.]
  [1. 1.]
  [0. 0.]
  [0. 1.]
  [0. 0.]
  [1. 1.]
  [0. 0.]]]
Prediction bitwise: [[[0.]
  [0.]
  [1.]
  [1.]
  [1.]
  [1.]
  [1.]
  [1.]
  [1.]
  [0.]
  [0.]
  [1.]
  [0.]
  [0.]
  [0.]
  [0.]
  [1.]
  [1.]
  [1.]
  [0.]
  [0.]
  [1.]]],
                    Actual bitwise: [[[0.]
  [0.]
  [1.]
  [1.]
  [1.]
  [1.]
  [1.]
  [1.]
  [1.]
  [0.]
  [0.]
  [1.]
  [0.]
  [0.]
  [0.]
  [0.]
  [1.]
  [1.]
  [1.]
  [0.]
  [0.]
  [1.]]]
Namespace(celoss=True, fix=5, memory=3)Input Sequence[[[0. 0.]
  [1. 1.]
  [0. 0.]
  [0. 1.]
  [0. 0.]
  [0. 1.]
  [0. 1.]
  [0. 1.]
  [0. 1.]
  [0. 1.]
  [1. 0.]
  [1. 1.]
  [1. 1.]
  [0. 1.]
  [1. 1.]
  [0. 0.]
  [0. 1.]
  [0. 1.]
  [1. 0.]
  [1. 0.]
  [1. 1.]
  [0. 0.]]]
Prediction bitwise: [[[0.]
  [0.]
  [1.]
  [1.]
  [0.]
  [1.]
  [1.]
  [1.]
  [1.]
  [1.]
  [1.]
  [0.]
  [1.]
  [0.]
  [1.]
  [1.]
  [1.]
  [1.]
  [1.]
  [1.]
  [0.]
  [1.]]],
                    Actual bitwise: [[[0.]
  [0.]
  [1.]
  [1.]
  [0.]
  [1.]
  [1.]
  [1.]
  [1.]
  [1.]
  [1.]
  [0.]
  [1.]
  [0.]
  [1.]
  [1.]
  [1.]
  [1.]
  [1.]
  [1.]
  [0.]
  [1.]]]
Namespace(celoss=True, fix=5, memory=3)Input Sequence[[[0. 0.]
  [0. 1.]
  [1. 0.]
  [1. 1.]
  [1. 1.]
  [1. 1.]
  [0. 0.]
  [1. 0.]
  [0. 0.]
  [0. 1.]
  [1. 1.]
  [0. 1.]
  [0. 0.]
  [1. 0.]
  [1. 0.]
  [1. 0.]
  [0. 1.]
  [1. 0.]
  [0. 1.]
  [0. 1.]
  [1. 1.]
  [0. 0.]]]
Prediction bitwise: [[[0.]
  [1.]
  [1.]
  [0.]
  [1.]
  [1.]
  [1.]
  [1.]
  [0.]
  [1.]
  [0.]
  [0.]
  [1.]
  [1.]
  [1.]
  [1.]
  [1.]
  [1.]
  [1.]
  [1.]
  [0.]
  [1.]]],
                    Actual bitwise: [[[0.]
  [1.]
  [1.]
  [0.]
  [1.]
  [1.]
  [1.]
  [1.]
  [0.]
  [1.]
  [0.]
  [0.]
  [1.]
  [1.]
  [1.]
  [1.]
  [1.]
  [1.]
  [1.]
  [1.]
  [0.]
  [1.]]]
Namespace(celoss=False, fix=5, memory=3)Input Sequence[[[0. 0.]
  [0. 1.]
  [0. 1.]
  [0. 1.]
  [1. 0.]
  [0. 1.]
  [0. 1.]
  [0. 0.]
  [0. 0.]
  [1. 1.]
  [1. 1.]
  [0. 1.]
  [0. 1.]
  [1. 1.]
  [1. 0.]
  [1. 0.]
  [1. 1.]
  [0. 0.]
  [1. 0.]
  [1. 1.]
  [1. 1.]
  [0. 0.]]]
Prediction bitwise: [[[0.]
  [1.]
  [1.]
  [1.]
  [1.]
  [1.]
  [1.]
  [0.]
  [0.]
  [0.]
  [1.]
  [0.]
  [0.]
  [1.]
  [0.]
  [0.]
  [1.]
  [1.]
  [1.]
  [0.]
  [1.]
  [1.]]],
                    Actual bitwise: [[[0.]
  [1.]
  [1.]
  [1.]
  [1.]
  [1.]
  [1.]
  [0.]
  [0.]
  [0.]
  [1.]
  [0.]
  [0.]
  [1.]
  [0.]
  [0.]
  [1.]
  [1.]
  [1.]
  [0.]
  [1.]
  [1.]]]
Namespace(celoss=False, fix=5, memory=3)Input Sequence[[[1. 1.]
  [1. 1.]
  [1. 1.]
  [1. 1.]
  [0. 1.]
  [1. 1.]
  [1. 1.]
  [0. 0.]
  [1. 0.]
  [0. 0.]
  [1. 0.]
  [0. 1.]
  [1. 1.]
  [1. 1.]
  [1. 0.]
  [0. 0.]
  [1. 0.]
  [1. 1.]
  [0. 0.]
  [1. 0.]
  [1. 1.]
  [0. 0.]]]
Prediction bitwise: [[[0.]
  [1.]
  [1.]
  [1.]
  [0.]
  [1.]
  [1.]
  [1.]
  [1.]
  [0.]
  [1.]
  [1.]
  [0.]
  [1.]
  [0.]
  [1.]
  [1.]
  [0.]
  [1.]
  [1.]
  [0.]
  [1.]]],
                    Actual bitwise: [[[0.]
  [1.]
  [1.]
  [1.]
  [0.]
  [1.]
  [1.]
  [1.]
  [1.]
  [0.]
  [1.]
  [1.]
  [0.]
  [1.]
  [0.]
  [1.]
  [1.]
  [0.]
  [1.]
  [1.]
  [0.]
  [1.]]]
