[[966.00000, 0.00000, 1.00000, 0.00000, 0.00000, 4.00000, 4.00000, 3.00000, 2.00000, 0.00000],
[0.00000, 1118.00000, 3.00000, 2.00000, 0.00000, 2.00000, 2.00000, 1.00000, 7.00000, 0.00000],
[7.00000, 2.00000, 983.00000, 10.00000, 5.00000, 1.00000, 5.00000, 7.00000, 9.00000, 3.00000],
[0.00000, 1.00000, 4.00000, 969.00000, 0.00000, 14.00000, 0.00000, 12.00000, 6.00000, 4.00000],
[1.00000, 1.00000, 5.00000, 0.00000, 934.00000, 2.00000, 7.00000, 2.00000, 4.00000, 26.00000],
[5.00000, 1.00000, 0.00000, 7.00000, 2.00000, 861.00000, 7.00000, 1.00000, 2.00000, 6.00000],
[9.00000, 3.00000, 1.00000, 0.00000, 7.00000, 20.00000, 913.00000, 0.00000, 4.00000, 1.00000],
[1.00000, 13.00000, 16.00000, 6.00000, 3.00000, 1.00000, 0.00000, 959.00000, 1.00000, 28.00000];
[5.00000, 1.00000, 1.00000, 15.00000, 7.00000, 15.00000, 8.00000, 5.00000, 912.00000, 5.00000],
[7.00000, 7.00000, 1.00000, 7.00000, 15.00000, 6.00000, 1.00000, 6.00000, 4.00000, 955.00000]]

Precision: 0.9566615494307225, Recall: 0.9567761583809805, F1 score: 0.9566139780489367